# This file may be used to create an environment using:
# $ conda create --name <env> --file <this file>
# platform: linux-64
_libgcc_mutex=0.1=conda_forge
_openmp_mutex=4.5=2_gnu
absl-py=2.0.0=pypi_0
aiohttp=3.9.3=pypi_0
aiosignal=1.3.1=pypi_0
async-timeout=4.0.3=pypi_0
attrs=23.2.0=pypi_0
bzip2=1.0.8=hd590300_5
c-ares=1.27.0=hd590300_0
ca-certificates=2024.2.2=hbcca054_0
cachetools=5.3.2=pypi_0
certifi=2023.11.17=pypi_0
charset-normalizer=3.3.2=pypi_0
cmake=3.29.0=hcfe8598_0
contourpy=1.2.0=pypi_0
cycler=0.12.1=pypi_0
dgl-cu111=0.6.1=pypi_0
filelock=3.13.1=pypi_0
fonttools=4.45.1=pypi_0
frozenlist=1.4.1=pypi_0
fsspec=2023.10.0=pypi_0
google-auth=2.23.4=pypi_0
google-auth-oauthlib=1.1.0=pypi_0
grpcio=1.59.3=pypi_0
idna=3.4=pypi_0
importlib-metadata=6.8.0=pypi_0
importlib-resources=6.1.1=pypi_0
jinja2=3.1.2=pypi_0
joblib=1.3.2=pypi_0
keyutils=1.6.1=h166bdaf_0
kiwisolver=1.4.5=pypi_0
krb5=1.21.2=h659d440_0
ld_impl_linux-64=2.38=h1181459_1
libcurl=8.7.1=hca28451_0
libedit=3.1.20191231=he28a2e2_2
libev=4.33=hd590300_2
libexpat=2.6.2=h59595ed_0
libffi=3.4.4=h6a678d5_0
libgcc-ng=13.2.0=h807b86a_5
libgomp=13.2.0=h807b86a_5
libnghttp2=1.58.0=h47da74e_1
libssh2=1.11.0=h0841786_0
libstdcxx-ng=13.2.0=h7e041cc_5
libuv=1.48.0=hd590300_0
libzlib=1.2.13=hd590300_5
markdown=3.5.1=pypi_0
markupsafe=2.1.3=pypi_0
matplotlib=3.8.2=pypi_0
metis=0.2a5=pypi_0
mpmath=1.3.0=pypi_0
multidict=6.0.5=pypi_0
ncurses=6.4.20240210=h59595ed_0
networkx=3.2.1=pypi_0
numpy=1.26.2=pypi_0
nvidia-cublas-cu12=12.1.3.1=pypi_0
nvidia-cuda-cupti-cu12=12.1.105=pypi_0
nvidia-cuda-nvrtc-cu12=12.1.105=pypi_0
nvidia-cuda-runtime-cu12=12.1.105=pypi_0
nvidia-cudnn-cu12=8.9.2.26=pypi_0
nvidia-cufft-cu12=11.0.2.54=pypi_0
nvidia-curand-cu12=10.3.2.106=pypi_0
nvidia-cusolver-cu12=11.4.5.107=pypi_0
nvidia-cusparse-cu12=12.1.0.106=pypi_0
nvidia-nccl-cu12=2.18.1=pypi_0
nvidia-nvjitlink-cu12=12.3.101=pypi_0
nvidia-nvtx-cu12=12.1.105=pypi_0
oauthlib=3.2.2=pypi_0
openssl=3.2.1=hd590300_1
packaging=23.2=pypi_0
pandas=2.1.4=pypi_0
pillow=10.1.0=pypi_0
pip=23.3=py39h06a4308_0
prettytable=3.10.0=pypi_0
protobuf=4.23.4=pypi_0
psutil=5.9.8=pypi_0
pyaml=23.12.0=pypi_0
pyasn1=0.5.1=pypi_0
pyasn1-modules=0.3.0=pypi_0
pyecharts=2.0.5=pypi_0
pyparsing=3.1.1=pypi_0
python=3.9.18=h955ad1f_0
python-dateutil=2.8.2=pypi_0
pytz=2023.3.post1=pypi_0
pyyaml=6.0.1=pypi_0
readline=8.2=h5eee18b_0
requests=2.31.0=pypi_0
requests-oauthlib=1.3.1=pypi_0
rhash=1.4.4=hd590300_0
rsa=4.9=pypi_0
scikit-learn=1.3.2=pypi_0
scipy=1.11.4=pypi_0
setuptools=68.0.0=py39h06a4308_0
simplejson=3.19.2=pypi_0
six=1.16.0=pypi_0
sortedcontainers=2.4.0=pypi_0
sqlite=3.41.2=h5eee18b_0
sympy=1.12=pypi_0
tensorboard=2.15.1=pypi_0
tensorboard-data-server=0.7.2=pypi_0
threadpoolctl=3.2.0=pypi_0
tk=8.6.12=h1ccaba5_0
torch=2.1.1=pypi_0
torch-geometric=2.5.2=pypi_0
torch-scatter=2.1.2=pypi_0
torch-sparse=0.6.18=pypi_0
torchaudio=2.1.1=pypi_0
torchvision=0.16.1=pypi_0
tqdm=4.66.1=pypi_0
triton=2.1.0=pypi_0
typing-extensions=4.8.0=pypi_0
tzdata=2023.4=pypi_0
urllib3=2.1.0=pypi_0
wcwidth=0.2.13=pypi_0
werkzeug=3.0.1=pypi_0
wheel=0.41.2=py39h06a4308_0
xz=5.4.2=h5eee18b_0
yarl=1.9.4=pypi_0
zipp=3.17.0=pypi_0
zlib=1.2.13=hd590300_5
zstd=1.5.5=hfc55251_0
